284
16 90   -0.0195905 0.000364607 4861.22
16 91   -0.014394 -0.000228534 4110.68
16 92   -0.014394 0.000228534 4119.69
16 93   -0.0195905 -0.000364607 4860.92
16 94   -0.0143701 0.000684975 4127.77
16 95   -0.0195523 0.00109282 4861.22
16 96   -0.0143223 0.00113954 4116.49
16 97   -0.0194761 0.00181804 4860.6
16 98   -0.019362 0.00253828 4859.09
16 99   -0.0142508 0.00159098 4051.32
16 100   -0.0195523 -0.00109282 4860.32
16 101   -0.0143701 -0.000684975 4053.56
16 102   -0.0172027 -0.00937901 4862.97
16 103   -0.0126344 -0.00689864 4125.82
16 104   -0.0175337 -0.00872928 4862.64
16 105   -0.0128419 -0.00649139 4123.55
16 106   -0.0178303 -0.00806311 4861.7
16 107   -0.0130278 -0.00607384 4088.17
16 108   -0.0124059 -0.00729447 4119.4
16 109   -0.0168381 -0.0100105 4862.91
16 110   -0.0121569 -0.0076778 4094.12
16 111   -0.0164409 -0.0106221 4862.31
16 112   -0.0180888 0.00752946 4862.9
16 113   -0.0132863 0.00554019 4126.44
16 114   -0.0131004 0.00595774 4114.98
16 115   -0.0177922 0.00819564 4862.73
16 116   -0.0174612 0.00884537 4862.08
16 117   -0.0128929 0.00636499 4089.24
16 118   -0.0134501 0.00511348 4135.75
16 119   -0.0183501 0.00684868 4862.74
16 120   -0.0135913 0.00467879 4128.82
16 121   -0.0185755 0.00615516 4862.03
16 122   -0.0187642 0.00545079 4860.49
16 123   -0.0137096 0.00423729 4075.43
16 124   -0.0151584 0.00310712 4345.99
16 125   -0.0177016 0.00364769 4803.43
16 126   -0.0155651 0.0119006 4863.54
16 127   -0.0114411 0.00873616 4130.02
16 128   -0.0111534 0.00909137 4133.93
16 129   -0.0151062 0.0124673 4863.57
16 130   -0.0146183 0.0130093 4863.05
16 131   -0.0108476 0.00943104 4119.3
16 132   -0.0105244 0.00975423 4055.84
16 133   -0.0141026 0.0135249 4861.71
16 134   -0.0159937 0.0113107 4863.19
16 135   -0.0157687 0.00910404 4814.8
16 136   -0.0163909 0.0106991 4862.36
16 137   -0.0117097 0.00836639 4120.03
16 138   -0.0119587 0.00798306 4093.79
16 139   -0.013517 0.00780404 4374.94
16 140   -0.0104652 -0.00988422 4132.66
16 141   -0.0142359 -0.0134624 4863.68
16 142   -0.010142 -0.0102074 4138.63
16 143   -0.0137203 -0.0139781 4863.54
16 144   -0.00980237 -0.0105133 4061.63
16 145   -0.0131783 -0.014466 4862.8
16 146   -0.0147238 -0.0129205 4863.42
16 147   -0.0151827 -0.0123538 4862.63
16 148   -0.0147306 -0.0107024 4816.04
16 149   -0.0107711 -0.00954456 4121.89
16 150   -0.0126272 -0.0091742 4378.03
16 151   -0.0110587 -0.00918935 4094.3
16 152   -0.00812541 0.0118826 4137.38
16 153   -0.0110697 0.0161666 4864.07
16 154   -0.0104581 0.0165638 4864.07
16 155   -0.00774208 0.0121316 4135.57
16 156   -0.00982662 0.0169284 4863.63
16 157   -0.00734625 0.0123601 4120.24
16 158   -0.006939 0.0125676 4076.09
16 159   -0.00917689 0.0172594 4862.44
16 160   -0.0116597 0.015738 4863.76
16 161   -0.00849519 0.011614 4135.31
16 162   -0.0123569 0.0132864 4814.48
16 163   -0.0122264 0.0152791 4862.93
16 164   -0.00885039 0.0113263 4114.97
16 165   -0.0106172 0.0113543 4375.13
16 166   -0.00749239 -0.0122916 4137.47
16 167   -0.0102084 -0.0167238 4864.16
16 168   -0.00709655 -0.0125201 4141.43
16 169   -0.00957693 -0.0170884 4864.22
16 170   -0.0066893 -0.0127276 4132.18
16 171   -0.00892719 -0.0174195 4863.83
16 172   -0.00826102 -0.0177161 4862.69
16 173   -0.00627175 -0.0129135 4097.35
16 174   -0.01082 -0.0163266 4863.81
16 175   -0.01141 -0.015898 4862.94
16 176   -0.0114475 -0.0141365 4816.96
16 177   -0.00787571 -0.0120427 4129.99
16 178   -0.00824549 -0.011774 4101.1
16 179   -0.0098113 -0.0121159 4380.37
16 180   -0.00258983 -0.0141602 4145.83
16 181   -0.00353713 -0.0192714 4864.69
16 182   -0.00425041 -0.0191198 4864.56
16 183   -0.00303691 -0.0140652 4148.23
16 184   -0.00495478 -0.018931 4863.94
16 185   -0.0034784 -0.0139469 4136.04
16 186   -0.0028169 -0.0193855 4864.58
16 187   -0.00213839 -0.0142317 4143.94
16 188   -0.00168383 -0.0142795 4131.99
16 189   -0.00209168 -0.0194617 4864.07
16 190   -0.00122739 -0.0143034 4087.57
16 191   -0.00136346 -0.0194999 4862.84
16 192   -0.00642628 -0.0169278 4814.46
16 193   -0.0056483 -0.0187057 4862.56
16 194   -0.0039131 -0.0138057 4078.01
16 195   -0.00549452 -0.0145005 4374.25
16 196   -0.00553216 0.0187961 4864.28
16 197   -0.00405579 0.0138119 4138.22
16 198   -0.0036143 0.0139302 4132.06
16 199   -0.0048278 0.0189848 4864.14
16 200   -0.00316722 0.0140253 4108.07
16 201   -0.00411452 0.0191364 4863.5
16 202   -0.00622569 0.0185708 4864.07
16 203   -0.00449049 0.0136707 4137.05
16 204   -0.00759033 0.0164932 4816.6
16 205   -0.00690647 0.0183094 4863.29
16 206   -0.0049172 0.0135069 4114.95
16 207   -0.00653281 0.014118 4380.75
16 208   -0.000478874 0.0195875 4864.64
16 209   -0.000342801 0.014391 4139.9
16 210   0.000114267 0.014391 4140.85
16 211   0.00025034 0.0195875 4864.66
16 212   0.000570708 0.0143671 4126.66
16 213   0.000978555 0.0195493 4864.22
16 214   0.00170377 0.0194731 4863.03
16 215   0.00102527 0.0143193 4069.59
16 216   -0.00120709 0.0195493 4864.32
16 217   -0.00278033 0.0179857 4819.22
16 218   -0.00193231 0.0194731 4863.47
16 219   -0.000799241 0.0143671 4132.99
16 220   -0.0023736 0.0154177 4387.33
16 221   -0.0012538 0.0143193 4102.98
16 222   0.00191267 -0.0142675 4140.78
16 223   0.00259118 -0.0194212 4864.6
16 224   0.00186596 -0.0194974 4864.39
16 225   0.00145811 -0.0143152 4140.2
16 226   0.00331141 -0.0193071 4864.45
16 227   0.00236411 -0.014196 4133.49
16 228   0.00402469 -0.0191555 4863.8
16 229   0.00281119 -0.0141009 4108.02
16 230   0.00113774 -0.0195356 4863.63
16 231   -0.00022572 -0.0181546 4817.65
16 232   0.00100167 -0.0143392 4118.17
16 233   -0.00022572 -0.0155546 4383.66
16 234   0.00559742 0.0187768 4864.96
16 235   0.00412105 0.0137926 4123.66
16 236   0.00629095 0.0185514 4864.94
16 237   0.00455575 0.0136514 4101.01
16 238   0.00697173 0.0182901 4864.48
16 239   0.00367955 0.0139109 4132.5
16 240   0.00489305 0.0189655 4864.68
16 241   0.00417978 0.0191171 4863.88
16 242   0.00261706 0.0179664 4818.46
16 243   0.00221033 0.0153984 4384.15
16 244   0.00323248 0.0140059 4113.23
16 245   0.00547731 -0.0133123 4141.8
16 246   0.00746659 -0.0181149 4864.73
16 247   0.00589487 -0.0131264 4140.32
16 248   0.00813276 -0.0178183 4864.55
16 249   0.00878249 -0.0174872 4863.8
16 250   0.00630212 -0.0129189 4105.16
16 251   0.00678581 -0.0183762 4864.55
16 252   0.0047126 -0.0175876 4820.71
16 253   0.00609228 -0.0186015 4863.86
16 254   0.0050506 -0.0134761 4134.58
16 255   0.00461591 -0.0136174 4108.43
16 256   0.00403967 -0.0150762 4391.64
16 257   0.0119546 -0.0155237 4864.84
16 258   0.00879016 -0.0113997 4142.67
16 259   0.00914537 -0.011112 4135.58
16 260   0.0125213 -0.0150648 4864.69
16 261   0.00948503 -0.0108062 4109.5
16 262   0.0130633 -0.0145768 4864.05
16 263   0.0113647 -0.0159523 4864.63
16 264   0.0107531 -0.0163495 4863.85
16 265   0.00909515 -0.0157533 4820.36
16 266   0.00842038 -0.0116683 4141.01
16 267   0.00779515 -0.0135016 4390.82
16 268   0.00803705 -0.0119173 4105.66
16 269   0.00937472 0.010924 4175.28
16 270   0.0127507 0.0148767 4866.62
16 271   0.0132926 0.0143888 4866.39
16 272   0.00971439 0.0106182 4125.19
16 273   0.0138082 0.0138732 4865.66
16 274   0.0100376 0.010295 4113.05
16 275   0.0103434 0.00995529 4082.71
16 276   0.0142962 0.0133313 4864.16
16 277   0.00901952 0.0112116 3796.38
16 278   0.012184 0.0153357 4866.46
16 279   0.011594 0.0157643 4865.73
16 280   0.0155237 -0.0119546 4864.96
16 281   0.0113997 -0.00879016 4141.85
16 282   0.0116683 -0.00842038 4139.99
16 283   0.0159523 -0.0113647 4864.77
16 284   0.0119173 -0.00803705 4096.54
16 285   0.0163495 -0.0107531 4864.01
16 286   0.0150648 -0.0125213 4864.78
16 287   0.0128751 -0.0128751 4821.49
16 288   0.0145768 -0.0130633 4864.1
16 289   0.011112 -0.00914537 4134.98
16 290   0.0108062 -0.00948503 4108.76
16 291   0.0110366 -0.0110366 4393.27
16 292   0.0126669 0.00683883 4147.67
16 293   0.0172352 0.0093192 4865.16
16 294   0.0175662 0.00866947 4864.91
16 295   0.0128744 0.00643158 4137.41
16 296   0.0178628 0.0080033 4864.2
16 297   0.0130603 0.00601402 4111.86
16 298   0.0168705 0.00995072 4865.11
16 299   0.0124383 0.00723466 4155.45
16 300   0.0164734 0.0105623 4864.54
16 301   0.0121894 0.00761799 4148.67
16 302   0.0160448 0.0111522 4863.18
16 303   0.0141134 0.0113427 4816.75
16 304   0.0119207 0.00798776 4103.61
16 305   0.0120929 0.00970649 4374.32
16 306   0.0133123 -0.00547731 4144.75
16 307   0.0181149 -0.00746659 4865.12
16 308   0.0183762 -0.00678581 4865.09
16 309   0.0134761 -0.0050506 4144.27
16 310   0.0136174 -0.00461591 4128.52
16 311   0.0186015 -0.00609228 4864.62
16 312   0.0137357 -0.00417441 4069.57
16 313   0.0187903 -0.00538791 4863.41
16 314   0.0178183 -0.00813276 4864.84
16 315   0.0157533 -0.00909515 4820.9
16 316   0.0174872 -0.00878249 4864.04
16 317   0.0131264 -0.00589487 4139.17
16 318   0.0129189 -0.00630212 4110.55
16 319   0.0135016 -0.00779515 4391.51
16 320   0.014348 -0.00116335 4146.37
16 321   0.0195302 -0.0015712 4865.04
16 322   0.0143002 -0.00161791 4143.13
16 323   0.019454 -0.00229642 4864.88
16 324   0.0143719 -0.000706908 4143.96
16 325   0.0195684 -0.000842981 4864.86
16 326   0.0195684 -0.000113767 4864.14
16 327   0.0143719 -0.000249841 4121.62
16 328   0.0193399 -0.00301665 4864.26
16 329   0.0177056 -0.00406318 4820.17
16 330   0.0151624 -0.00352261 4390.09
16 331   0.0142287 -0.00206935 4123.67
16 332   0.0140053 0.00332737 4144.63
16 333   0.0190599 0.00454087 4865.14
16 334   0.0192115 0.00382759 4865.12
16 335   0.0141003 0.00288029 4145.46
16 336   0.0193256 0.00310736 4864.65
16 337   0.0194018 0.00238214 4863.44
16 338   0.0181179 0.00117555 4819.72
16 339   0.0188711 0.00524524 4864.85
16 340   0.0170146 0.00645901 4821.15
16 341   0.0186458 0.00593876 4864.05
16 342   0.0141718 0.00242885 4131.11
16 343   0.0155214 0.00103947 4388.79
16 344   0.0142196 0.00197429 4073.76
16 345   0.013887 0.00376886 4137.76
16 346   0.0137457 0.00420356 4107.71
16 347   0.0145873 0.00552725 4392.03
16 348   -0.0190599 -0.00454087 4861.95
16 349   -0.0140053 -0.00332737 4114.55
16 350   -0.0192115 -0.00382759 4861.57
16 351   -0.0193256 -0.00310736 4860.62
16 352   -0.0181113 -0.00201753 4809.15
16 353   -0.0188711 -0.00524524 4861.91
16 354   -0.0186458 -0.00593876 4861.24
16 355   -0.0169821 -0.00651882 4812.23
16 356   -0.0141003 -0.00288029 4104.75
16 357   -0.0141718 -0.00242885 4073.13
16 358   -0.0155256 -0.00174575 4358.29
16 359   -0.013887 -0.00376886 4115.18
16 360   -0.0145548 -0.00558707 4369.73
16 361   -0.0137457 -0.00420356 4082.19
16 877   0.00931929 0.0170942 4865.5
16 878   0.00866956 0.0174253 4864.69
16 879   0.00714826 0.0166397 4815.77
16 880   0.0101723 0.0149817 4820.81
16 881   0.00995081 0.0167296 4865.3
16 882   0.00683892 0.012526 4151.64
16 883   0.00643167 0.0127335 4026.7
16 884   0.00601412 0.0129194 3924.61
16 885   0.00587953 0.014352 4326.59
16 886   0.00723475 0.0122974 3553.62
16 887   0.00894464 0.0126717 4321.79
16 888   0.00761808 0.0120485 3935.99
end
