368
16 120   -0.0195907 -0.000359057 3901.64
16 121   -0.0195907 0.000359057 3901.64
16 122   -0.0143941 0.000226756 3902.2
16 123   -0.0195537 0.00107622 3901.63
16 124   -0.0143706 0.000679656 3902.2
16 125   -0.0195537 -0.00107622 3901.63
16 130   -0.0177246 -0.00835168 3901.44
16 131   -0.0174032 -0.00899385 3901.44
16 132   -0.0180125 -0.0076938 3901.45
16 133   -0.0182661 -0.00702196 3901.46
16 134   -0.0133077 0.00548938 3901.98
16 135   -0.0181318 0.00742627 3901.46
16 136   -0.0178439 0.00808415 3901.45
16 137   -0.0131246 0.00590428 3901.97
16 138   -0.013469 0.00506553 3902
16 139   -0.0183854 0.00675443 3901.47
16 140   -0.0114555 0.00871798 3901.88
16 141   -0.0151905 0.01237 3901.4
16 142   -0.011172 0.00907193 3901.87
16 143   -0.0117203 0.00834978 3901.89
16 144   -0.0109883 -0.00930007 3901.87
16 145   -0.0145323 -0.0131371 3901.39
16 146   -0.0106867 -0.00963882 3901.86
16 147   -0.0112718 -0.00894612 3901.88
16 148   -0.00883744 0.0113638 3901.81
16 149   -0.0115313 0.0158369 3901.37
16 150   -0.00847251 0.011633 3901.81
16 151   -0.0091879 0.0110759 3901.82
16 169   -0.00823654 -0.0118066 3901.8
16 170   -0.0106991 -0.0164107 3901.36
16 171   -0.00785812 -0.0120566 3901.8
16 172   -0.00860147 -0.0115374 3901.81
16 173   -0.00562847 0.0132499 3901.76
16 174   -0.00710847 0.0182554 3901.34
16 175   -0.00520663 0.0134164 3901.76
16 176   -0.00604111 0.0130617 3901.77
16 177   -0.00493411 -0.0135239 3901.75
16 178   -0.00615737 -0.0185978 3901.34
16 179   -0.00450419 -0.0136682 3901.75
16 180   -0.00535596 -0.0133574 3901.76
16 181   -0.00204315 0.0142502 3901.72
16 182   -0.00221488 0.0194652 3901.32
16 183   -0.0015927 0.0143027 3901.71
16 184   -0.00249027 0.0141743 3901.72
16 185   -0.00130175 -0.014337 3901.71
16 186   -0.00120787 -0.0195535 3901.31
16 187   -0.000849176 -0.0143661 3901.7
16 188   -0.00175221 -0.0142844 3901.71
16 189   0.00167882 0.0142978 3901.67
16 190   0.00282547 0.0193862 3901.3
16 191   0.00212766 0.0142329 3901.67
16 192   0.00122721 0.0143393 3901.68
16 193   0.00241768 -0.0141916 3901.67
16 194   0.00382171 -0.0192147 3901.29
16 195   0.00286255 -0.0141034 3901.66
16 196   0.00196884 -0.0142565 3901.67
16 197   0.0052886 0.0133895 3901.63
16 198   0.00767887 0.0180236 3901.27
16 199   0.00570571 0.0132115 3901.63
16 200   0.0048628 0.0135456 3901.64
16 201   0.00597553 -0.0130974 3901.62
16 202   0.00859837 -0.0176036 3901.27
16 203   0.00638284 -0.0128979 3901.62
16 204   0.00555842 -0.0132754 3901.63
16 205   0.00854484 0.011586 3901.59
16 206   0.012024 0.0154677 3901.25
16 207   0.00890223 0.0113068 3901.58
16 208   0.00817343 0.0118463 3901.59
16 209   0.0128058 -0.0148269 3901.24
16 210   0.0133315 -0.0143376 3901.24
16 211   0.0139068 0.00122564 3901.19
16 212   0.0138488 0.00167543 3901.25
16 383   0.0185535 -0.00630119 3901.19
16 384   0.0183024 -0.00697396 3901.19
16 385   0.0187696 -0.00561636 3901.19
16 466   -0.019092 -0.00372036 3901.54
16 467   -0.0179859 -0.00193746 3901.69
16 468   -0.0192027 -0.00301082 3901.57
16 469   -0.018945 -0.00442325 3901.52
16 470   -0.0187619 -0.00511763 3901.5
16 471   -0.0171379 -0.00578199 3901.59
16 472   -0.013976 -0.00279904 3902.15
16 473   -0.0138824 -0.0032428 3902.12
16 474   0.015573 0.0118875 3901.22
16 475   0.0159874 0.011301 3901.22
16 476   0.0157512 -0.0116549 3901.22
16 477   0.0116817 -0.00841374 3901.52
16 478   0.0161655 -0.0110684 3901.22
16 479   0.0119362 -0.0080384 3901.51
16 480   0.0153071 -0.0122193 3901.22
16 481   0.0148346 -0.0127601 3901.23
16 482   0.0131712 -0.0125654 3901.29
16 483   0.011408 -0.00877535 3901.53
16 484   0.0131641 0.00582758 3901.45
16 485   0.0178056 0.00817918 3901.2
16 486   0.018091 0.00752024 3901.19
16 487   0.0129709 0.00623788 3901.46
16 488   0.0174865 0.00882253 3901.2
16 489   0.015469 0.00959603 3901.26
16 490   0.0171348 0.00944859 3901.2
16 528   -0.0140356 0.00266528 3902.15
16 529   -0.014106 0.00221726 3902.17
16 530   -0.015459 0.00153944 3901.98
16 531   -0.0139421 0.00310903 3902.12
16 532   -0.0148371 0.00459883 3901.87
16 533   -0.0138256 0.00354733 3902.09
16 534   -0.0191517 0.00358659 3901.54
16 535   -0.0192623 0.00287706 3901.57
16 536   -0.0180455 0.0018037 3901.69
16 537   -0.0190046 0.00428949 3901.52
16 538   -0.0173168 0.0053807 3901.59
16 539   -0.0188215 0.00498387 3901.51
16 553   0.0176184 -0.00841242 3901.2
16 554   0.01676 -0.00708581 3901.23
16 555   0.0127837 -0.00647112 3901.47
16 556   0.0129769 -0.00606082 3901.46
16 557   0.0172994 -0.00905577 3901.2
16 558   0.01546 -0.00959668 3901.26
16 559   0.0169476 -0.00968182 3901.21
16 560   0.0125695 -0.00687083 3901.49
16 561   0.0133067 -0.00813548 3901.4
16 632   0.0133847 -0.00306406 3901.4
16 633   0.0132803 -0.00350539 3901.42
16 634   0.0131531 -0.00394071 3901.44
16 635   0.0130035 -0.00436883 3901.46
16 636   0.0138657 -0.00547639 3901.38
16 637   0.0152068 -0.00559231 3901.29
16 638   0.0096064 -0.00981183 3901.62
16 639   0.0115546 -0.0114027 3901.4
16 640   0.00927989 -0.0101266 3901.63
16 641   0.00893748 -0.0104239 3901.64
16 642   0.00858009 -0.0107031 3901.65
16 643   0.00991613 -0.00948055 3901.62
16 644   0.0113123 -0.00982587 3901.49
16 645   0.0136898 -0.00122564 3901.21
16 647   0.0155008 -0.00194247 3901.15
16 650   0.0136317 -0.00167543 3901.29
16 651   0.0141404 -0.00239225 3901.27
16 657   0.0199519 -0.00331679 3901.2
16 658   0.0200599 -0.00260684 3901.23
16 659   0.0183662 -0.00438723 3901.19
16 660   0.0198075 -0.00402022 3901.19
16 661   0.0164627 -0.0039117 3901.22
16 662   0.016736 -0.00247654 3901.17
16 664   0.0182041 -0.00153407 3901.14
16 666   0.01948 -0.00189228 3901.21
16 667   0.0201984 -0.0013582 3901.3
16 668   0.0204155 0.0013582 3901.33
16 672   0.0203442 0.00207277 3901.28
16 673   0.0195024 0.00171457 3901.19
16 1114   0.0169436 0.00199072 3901.14
16 1115   0.0191982 0.00447687 3901.19
16 1116   0.0193427 0.00377343 3901.19
16 1117   0.0186089 0.00270529 3901.18
16 1118   0.0190177 0.00517192 3901.18
16 1119   0.0188016 0.00585674 3901.18
16 1120   0.0173295 0.00607498 3901.22
16 1452   0.0114224 0.0076209 3901.57
16 1453   0.0136514 0.00878491 3901.36
16 1454   0.0111678 0.00799624 3901.58
16 1455   0.0108941 0.00835786 3901.59
16 1456   0.010602 0.00870477 3901.6
16 1457   0.0116571 0.00723285 3901.56
16 1458   0.0130923 0.00728768 3901.43
16 1459   0.0143259 0.0142782 3901.21
16 1460   0.0138002 0.0147674 3901.21
16 1461   0.0124049 0.0142363 3901.27
16 1462   0.0148257 0.0137625 3901.21
16 1463   0.0152982 0.0132218 3901.2
16 1464   0.01446 0.0121977 3901.25
16 1465   0.0128641 0.0119545 3901.32
16 1466   0.0118072 0.0129631 3901.33
16 1467   0.00977308 0.0105052 3901.57
16 1468   0.0100934 0.0119301 3901.46
16 1469   0.0100996 0.0101904 3901.56
16 1470   0.0111411 0.00995664 3901.49
16 1471   0.0123592 0.0105345 3901.38
16 1472   0.0110969 -0.0169104 3901.23
16 1473   0.0104822 -0.0172816 3901.23
16 1474   0.0092221 -0.0164774 3901.29
16 1475   0.0116917 -0.016508 3901.23
16 1476   0.012265 -0.0160755 3901.22
16 1477   0.0116515 -0.0149036 3901.28
16 1478   0.0101364 -0.0143404 3901.35
16 1479   0.00889489 -0.0151104 3901.36
16 1480   0.00739997 -0.0122926 3901.61
16 1481   0.00742437 -0.0137506 3901.5
16 1482   0.00778439 -0.012052 3901.6
16 1483   0.00885382 -0.0120364 3901.53
16 1484   0.0099306 -0.0128497 3901.42
16 1485   0.0102103 0.0174601 3901.23
16 1486   0.00835946 0.0169313 3901.3
16 1487   0.00957723 0.0177991 3901.24
16 1488   0.010825 0.0170889 3901.23
16 1489   0.0114198 0.0166865 3901.23
16 1490   0.0108669 0.0154851 3901.28
16 1491   0.00938199 0.0148449 3901.35
16 1492   0.00810239 0.0155497 3901.36
16 1493   0.00675281 0.0126596 3901.62
16 1494   0.00670273 0.0141164 3901.51
16 1495   0.00837873 0.0131913 3901.49
16 1496   0.00714921 0.0124393 3901.61
16 1497   -0.0172183 0.0106148 3901.38
16 1498   -0.0167432 0.00872809 3901.48
16 1499   -0.0175724 0.0099901 3901.39
16 1500   -0.0168325 0.0112205 3901.38
16 1501   -0.016416 0.0118055 3901.37
16 1502   -0.0152431 0.0112034 3901.45
16 1503   -0.0153803 0.00841578 3901.58
16 1504   -0.0146508 0.00968132 3901.56
16 1505   -0.0139967 0.00694706 3901.79
16 1506   -0.0125555 0.00694189 3901.94
16 1507   -0.0130421 0.00860628 3901.75
16 1508   -0.0123303 0.00733556 3901.93
16 1509   -0.0166481 -0.0114885 3901.38
16 1510   -0.0170339 -0.0108828 3901.38
16 1511   -0.0162705 -0.00958053 3901.47
16 1512   -0.0162315 -0.0120735 3901.37
16 1513   -0.0146447 -0.0119751 3901.44
16 1514   -0.0157854 -0.0126362 3901.37
16 1515   -0.014925 -0.00919912 3901.57
16 1516   -0.0141311 -0.0104253 3901.55
16 1517   -0.0121788 -0.00758339 3901.92
16 1518   -0.0125792 -0.00926979 3901.73
16 1519   -0.0119335 -0.00796484 3901.91
16 1520   0.00641667 -0.0191817 3901.25
16 1521   0.00471 -0.0182856 3901.32
16 1522   0.00572761 -0.0193839 3901.25
16 1523   0.00709439 -0.0189442 3901.25
16 1524   0.00775897 -0.0186722 3901.25
16 1525   0.0074607 -0.0173843 3901.3
16 1526   0.00613513 -0.0164545 3901.38
16 1527   0.00473806 -0.0168815 3901.39
16 1528   0.00400077 -0.0137788 3901.65
16 1529   0.00365655 -0.015193 3901.54
16 1530   0.00548694 -0.0146322 3901.52
16 1531   0.0044341 -0.013645 3901.65
16 1532   0.0131904 0.00404716 3901.44
16 1533   0.0156793 0.00502108 3901.26
16 1534   0.0130407 0.00447528 3901.46
16 1535   0.0140901 0.0053496 3901.37
16 1536   0.0133175 0.00361184 3901.42
16 1537   0.0134219 0.00317051 3901.4
16 1538   0.0157298 0.00303964 3901.2
16 1539   0.0143947 0.0024987 3901.25
16 1540   0.00541913 0.0194871 3901.26
16 1541   0.00376007 0.0185042 3901.32
16 1542   0.00472057 0.0196535 3901.26
16 1543   0.00610819 0.0192848 3901.25
16 1544   0.00678591 0.0190474 3901.25
16 1545   0.00655362 0.0177462 3901.31
16 1546   0.00385963 0.0171037 3901.39
16 1547   0.00527689 0.0167495 3901.38
16 1548   0.00328116 0.0139676 3901.66
16 1549   0.00286531 0.0153618 3901.54
16 1550   0.00372085 0.0138565 3901.66
16 1551   0.00472226 0.0148965 3901.52
16 1552   -0.0139412 0.0146554 3901.35
16 1553   -0.0144429 0.0141416 3901.35
16 1554   -0.0139603 0.0127133 3901.43
16 1555   -0.0134137 0.0151427 3901.35
16 1556   -0.0128618 0.0156022 3901.34
16 1557   -0.011878 0.0147236 3901.41
16 1558   -0.0116904 0.0131039 3901.51
16 1559   -0.0127192 0.012067 3901.52
16 1560   -0.0117518 0.010299 3901.71
16 1561   -0.0103561 0.00992917 3901.86
16 1562   -0.0100373 0.0102518 3901.85
16 1563   -0.0104043 0.0116586 3901.69
16 1564   -0.013167 -0.0153547 3901.34
16 1565   -0.0136945 -0.0148674 3901.35
16 1566   -0.0132857 -0.0134169 3901.43
16 1567   -0.0126151 -0.0158142 3901.34
16 1568   -0.0120402 -0.0162446 3901.34
16 1569   -0.0111023 -0.015317 3901.41
16 1570   -0.0109979 -0.0136904 3901.5
16 1571   -0.0120789 -0.012708 3901.51
16 1572   -0.011203 -0.0108935 3901.7
16 1573   -0.00982749 -0.0104527 3901.84
16 1574   -0.00949245 -0.0107583 3901.83
16 1575   -0.00978696 -0.0121815 3901.67
16 1576   0.00131185 -0.0201841 3901.27
16 1577   -0.000114163 -0.0188819 3901.34
16 1578   0.00059401 -0.0202039 3901.28
16 1579   0.00202771 -0.0201273 3901.27
16 1580   0.00277544 -0.0187129 3901.33
16 1581   0.0027397 -0.0200336 3901.27
16 1582   0.000266728 -0.0175315 3901.41
16 1583   0.0017265 -0.0174759 3901.4
16 1584   0.000334191 -0.0143438 3901.7
16 1585   -0.000354934 -0.0156226 3901.57
16 1586   0.001558 -0.015549 3901.55
16 1587   0.000787345 -0.0143258 3901.69
16 1588   0.00026941 0.0202249 3901.28
16 1589   -0.000448498 0.0202077 3901.28
16 1590   -0.00108844 0.0188509 3901.35
16 1591   0.00098725 0.0202051 3901.27
16 1592   0.00180603 0.0188312 3901.33
16 1593   0.00170311 0.0201482 3901.27
16 1594   -0.000639296 0.0175218 3901.42
16 1595   0.000821397 0.0175418 3901.41
16 1596   -0.000409771 0.0143418 3901.7
16 1597   -0.00116302 0.0155833 3901.58
16 1598   0.000751147 0.0156088 3901.56
16 1599   4.37077e-005 0.0143474 3901.7
16 1600   -0.0097419 0.0177265 3901.32
16 1601   -0.0102523 0.0158562 3901.4
16 1602   -0.010358 0.0173575 3901.33
16 1603   -0.0091076 0.0180632 3901.32
16 1604   -0.0084568 0.0183667 3901.31
16 1605   -0.00772561 0.0172681 3901.38
16 1606   -0.00795362 0.0156564 3901.47
16 1607   -0.00921341 0.0149169 3901.48
16 1608   -0.00872355 0.0129646 3901.66
16 1609   -0.0074642 0.0122527 3901.8
16 1610   -0.00707288 0.013934 3901.64
16 1611   -0.0070733 0.0124827 3901.79
16 1612   -0.00881494 -0.0182052 3901.32
16 1613   -0.00944924 -0.0178685 3901.32
16 1614   -0.00942037 -0.0163641 3901.39
16 1615   -0.00816414 -0.0185087 3901.31
16 1616   -0.00749856 -0.0187783 3901.31
16 1617   -0.00682417 -0.0176438 3901.38
16 1618   -0.00713421 -0.0160464 3901.46
16 1619   -0.00843053 -0.015373 3901.48
16 1620   -0.00681906 -0.0126232 3901.79
16 1621   -0.00804088 -0.0133987 3901.65
16 1622   -0.00634225 -0.0142814 3901.63
16 1623   -0.00641676 -0.0128325 3901.78
16 1632   -0.00387984 -0.0198512 3901.29
16 1633   -0.00493069 -0.018227 3901.37
16 1634   -0.00457901 -0.0196874 3901.3
16 1635   -0.00317315 -0.0199788 3901.29
16 1636   -0.00246082 -0.0200698 3901.29
16 1637   -0.00209375 -0.0188013 3901.35
16 1638   -0.00279673 -0.0173368 3901.43
16 1639   -0.00422217 -0.0170173 3901.44
16 1640   -0.00434268 -0.0150109 3901.61
16 1641   -0.00335463 -0.0139498 3901.74
16 1642   -0.00291205 -0.0140488 3901.73
16 1643   -0.00247467 -0.0154294 3901.59
16 1644   -0.00489822 0.0196248 3901.3
16 1645   -0.00586473 0.0179482 3901.37
16 1646   -0.00558802 0.0194252 3901.3
16 1647   -0.00419904 0.0197887 3901.3
16 1648   -0.00349235 0.0199162 3901.29
16 1649   -0.00306124 0.0186682 3901.35
16 1650   -0.00509562 0.0167764 3901.45
16 1651   -0.00368861 0.0171692 3901.44
16 1652   -0.0040732 0.0137571 3901.75
16 1653   -0.00511376 0.014766 3901.62
16 1654   -0.00326991 0.0152806 3901.6
16 1655   -0.00363636 0.013879 3901.74
16 1676   -0.0126727 -0.00531322 3902.08
16 1677   -0.0150987 -0.00565783 3901.77
16 1678   -0.0124896 -0.00572812 3902.06
16 1679   -0.0122852 -0.00613296 3902.04
16 1680   -0.0131027 -0.0072185 3901.86
16 1681   -0.0144246 -0.00749121 3901.71
16 1682   -0.0128341 -0.00488937 3902.1
16 1683   -0.0142065 -0.0043388 3901.97
16 1684   -0.0129732 -0.00445771 3902.13
16 1716   -0.0137088 -0.000906107 3902.33
16 1717   -0.0160611 -0.00144675 3901.88
16 1718   -0.0137323 -0.000453206 3902.33
16 1719   -0.0150382 -0.00022645 3902.08
16 1720   -0.0136617 -0.00135717 3902.32
16 1721   -0.0147082 -0.00212458 3902.07
end
