457
16 382   -0.00985724 0.0103874 2868.61
16 383   -0.00530578 -0.0132777 2902.58
16 384   -0.00487907 -0.0134415 2884.16
16 385   0.0109883 0.00914913 2938.55
16 386   0.0112759 0.00879392 2918.97
16 387   -0.00613687 0.0129443 2901.32
16 388   -0.00654412 0.0127368 2894.06
16 389   -0.000341394 -0.0143213 2909.93
16 390   -0.000797835 -0.0142974 2905.28
16 391   0.000115674 -0.0143213 2920.07
16 392   0.0193855 -0.00574833 3925.97
16 393   0.0191601 -0.00644185 3946.63
16 394   0.0167226 -0.00523613 3503.95
16 395   0.0139347 -0.00334542 2934.59
16 396   0.0138164 -0.00378692 2932.78
16 397   0.0140297 -0.00289834 2933.09
16 405   0.00545997 0.0125309 2810.76
16 406   0.00643367 0.0147405 3241.41
16 407   0.00587752 0.012345 2850.84
16 408   0.00628477 0.0121375 2836.29
16 409   0.00668061 0.011909 2752.62
16 410   -0.0191397 -0.00654242 3778.7
16 411   -0.019365 -0.0058489 3755.64
16 412   -0.0195538 -0.00514453 3778.57
16 413   -0.0167653 -0.00519338 3337.51
16 414   -0.0133049 -0.00535205 2819.42
16 415   -0.0134687 -0.00492534 2812.87
16 416   -0.0133042 -0.0152357 3868.27
16 417   -0.0138462 -0.0147478 3857.59
16 418   -0.0119225 -0.0128802 3441.96
16 419   0.00945598 -0.0178806 3927.63
16 420   0.00880624 -0.0182116 3920.07
16 421   0.00775211 -0.0157465 3497.06
16 422   -0.00242009 0.0200817 3909.52
16 423   -0.00169487 0.0201579 3901.99
16 424   -0.00156157 0.0174884 3476.77
16 425   -0.00243623 0.0141365 2905.91
16 426   -0.00198479 0.014208 2907.33
16 427   0.0178806 -0.00945598 3941.06
16 428   0.0182116 -0.00880624 3933.08
16 429   0.016917 -0.00673861 3629.75
16 430   0.0181744 -0.00709888 3859.42
16 431   0.0185082 -0.00814007 3957.05
16 432   0.0157465 -0.00775211 3514.37
16 433   0.0191397 0.00654242 3942.68
16 434   0.019365 0.0058489 3933.89
16 435   0.0167815 0.00516348 3507.1
16 436   0.0133211 0.00532215 2934.76
16 437   0.0134849 0.00489544 2935.17
16 442   0.0116388 0.016543 3927.86
16 443   0.0101276 0.014203 3491.3
16 444   0.0122287 0.0161143 3922.05
16 445   0.0127954 0.0156554 3953.01
16 446   -0.0200317 -0.00282681 3713.91
16 447   -0.0174051 -0.00229808 3316.32
16 448   -0.0199177 -0.00354704 3727.95
16 449   -0.0190468 -0.00435019 3680.3
16 450   -0.0177485 -0.00419105 3446.26
16 451   0.00845044 0.0108353 2878.89
16 452   0.00951372 0.013048 3262.98
16 453   0.00880564 0.0105477 2921.35
16 454   0.00914531 0.0102418 2951.6
16 455   0.0111902 0.0116737 3266.19
16 456   0.00808066 0.011104 2843.57
16 457   0.00792792 0.0132277 3132.9
16 458   0.00763302 0.0120364 2871.2
16 459   0.0107305 0.0103101 3011.56
16 460   0.00946851 0.00991862 2789.71
16 461   -0.0114423 -0.00759469 2785.94
16 462   -0.0133419 -0.0092573 3202.76
16 463   -0.0116912 -0.00721136 2803.33
16 464   -0.0119197 -0.00681553 2809.46
16 465   -0.0121272 -0.00640828 2675.78
16 466   -0.0144485 -0.00739375 3161.11
16 467   -0.0134756 -0.00643695 2910.46
16 468   -0.0111736 -0.00796447 2719.44
16 469   -0.0088786 -0.0181778 3871.18
16 470   -0.00777782 -0.0156657 3435.2
16 471   -0.00952833 -0.0178467 3865.63
16 472   -0.00821243 -0.0184744 3902.42
16 473   -0.0121734 0.00635704 2761.34
16 474   -0.0142364 0.00781199 3192.41
16 475   -0.0123809 0.00594979 2755.9
16 476   -0.0119449 0.00675288 2700.96
16 477   -0.0125669 0.00553224 2690.6
16 478   -0.0135851 -0.00201242 2660.46
16 479   -0.0161123 -0.00216219 3085.48
16 480   -0.0135136 -0.00246386 2724.43
16 481   -0.0134186 -0.00291094 2769.57
16 482   -0.0133003 -0.00335243 2645.18
16 483   -0.0143215 -0.00423335 2876.86
16 484   -0.0156847 -0.00417329 3110.87
16 490   0.00453968 -0.0197143 3919.77
16 491   0.00419761 -0.0170289 3510.15
16 492   0.0038264 -0.0198659 3919.91
16 493   0.00310616 -0.0199799 3937.76
16 494   0.00756778 0.0187614 3925.95
16 495   0.0065522 0.0161684 3491.68
16 496   0.006887 0.0190227 3922.18
16 497   0.00619347 0.0192481 3943.62
16 498   0.00929115 -0.0101133 2864.65
16 499   0.0112305 -0.0117294 3289.31
16 500   0.00895148 -0.0104192 2875.77
16 501   0.00859628 -0.0107068 2848.12
16 502   0.0082265 -0.0109755 2733.62
16 503   0.00956296 -0.0131139 3272.96
16 504   0.00846575 -0.0123027 3021.71
16 505   0.00961435 -0.00979013 2793.14
16 506   0.00298971 -0.013404 2854.95
16 507   0.00386115 -0.0157732 3277.55
16 508   0.00254263 -0.013499 2866.63
16 509   0.00209119 -0.0135705 2843.67
16 510   0.00163663 -0.0136183 2727.52
16 511   0.00161193 -0.0161206 3256
16 512   0.00106733 -0.0148695 2994.94
16 513   0.00343121 -0.0132857 2784.53
16 514   -0.0178676 0.00948742 3815.48
16 515   -0.0153623 0.00846199 3417.26
16 516   -0.0181986 0.00883768 3809.79
16 517   -0.0184952 0.00817151 3825.73
16 518   0.0137886 -0.0148032 3932.42
16 519   0.0121497 -0.0126487 3522.27
16 520   0.0132467 -0.0152912 3933.11
16 521   0.0138515 -0.0128369 3740.85
16 522   0.0143042 -0.0142876 3945.77
16 523   -0.016778 -0.0113031 3830.89
16 524   -0.0143936 -0.0100214 3431.29
16 525   -0.0171751 -0.0106915 3828.91
16 526   0.0145445 0.0140613 3920.34
16 527   0.0124955 0.0122381 3484.42
16 528   0.0140288 0.0145769 3915.49
16 529   0.0128522 0.0147148 3855.43
16 530   0.0118954 0.013823 3627.92
16 531   0.0150324 0.0135194 3948.12
16 532   -0.0199954 0.00273196 3705.9
16 533   -0.0172963 0.00201353 3280.64
16 534   -0.0200717 0.00200674 3707.63
16 535   -0.0198814 0.00345219 3736.11
16 540   -0.016115 0.00132784 3051.81
16 544   -0.0146159 0.0139459 3845.61
16 545   -0.012875 0.0118342 3425.65
16 546   -0.0151038 0.013404 3864.82
16 547   -0.0141002 0.0144615 3865.31
16 548   -0.0122615 0.0161012 3860
16 549   -0.0116716 0.0165298 3887.75
16 550   -0.01106 0.016927 3915.87
16 551   -0.0104462 0.015772 3679.03
16 552   -0.0129564 0.0145863 3785.56
16 553   -0.0128283 0.0156423 3884.49
16 554   -0.0108105 0.0137932 3450.49
16 555   -0.0121425 0.0134636 3545.09
16 556   -0.0114021 -0.0167208 3869.82
16 557   -0.00997528 -0.0144509 3456.2
16 558   -0.00932584 -0.0156958 3580.8
16 559   -0.0113029 -0.0142475 3552.53
16 560   -0.0121555 -0.0153005 3794.66
16 561   -0.011992 -0.0162922 3891.96
16 562   -0.00987838 -0.0168813 3805.6
16 563   -0.0107905 -0.017118 3889.86
16 564   -0.00583989 -0.0193256 3888.61
16 565   -0.00484764 -0.0167586 3462.32
16 566   -0.00513552 -0.0195143 3911.52
16 567   -0.00653341 -0.0191002 3893.15
16 568   -0.00673099 -0.0167886 3565.82
16 569   -0.00726279 -0.0180806 3805.04
16 578   -0.00776773 0.0186525 3888.42
16 579   -0.0063921 0.0162897 3456.58
16 580   -0.00708695 0.0189138 3909.86
16 581   -0.0084339 0.0183559 3899.25
16 582   -0.00908363 0.0180248 3896.38
16 583   -0.00799635 0.0155363 3467.05
16 584   -0.00910132 0.0165052 3691.13
16 585   0.000490481 -0.0201993 3899.24
16 586   0.000786147 -0.0174813 3473.74
16 587   0.0012187 -0.0201612 3922.87
16 588   0.00214221 -0.0193746 3833.21
16 589   0.00218713 -0.0180579 3605.63
16 590   -0.000238734 -0.0201993 3916.13
16 591   -0.0166987 0.00492507 3339.24
16 592   -0.0193896 0.00558214 3758.83
16 593   -0.0191643 0.00627567 3790.89
16 594   -0.016882 0.00666674 3488.32
16 595   -0.0181655 0.00696413 3711.46
16 596   -0.0176643 0.00363975 3404.48
16 597   -0.0195784 0.00487778 3751.59
16 598   -0.0190351 0.00398859 3666.27
16 599   0.0144404 0.00978907 3499.24
16 600   0.0165751 0.011526 3928.1
16 601   0.0169722 0.0109144 3948.34
16 602   0.0161465 0.0121159 3934.33
16 603   0.0138869 0.0115895 3605.95
16 604   0.0149513 0.0124945 3847.76
16 605   0.0174985 0.00012983 3508.78
16 606   0.0201973 0.000567342 3929.06
16 607   0.0201591 0.00129556 3943.81
16 608   0.00351115 0.0171431 3490.98
16 609   0.00364431 0.0198739 3904.06
16 610   0.00435759 0.0197223 3929.87
16 611   0.00498508 0.0174934 3609.87
16 612   0.00514669 0.0188009 3841.3
16 613   0.00292408 0.019988 3918.7
16 625   -0.0182349 -0.00877964 3794.7
16 626   -0.0158643 -0.00752721 3374.34
16 627   -0.0159243 -0.00893001 3525.72
16 628   -0.0169123 -0.00668731 3495.22
16 629   -0.0181772 -0.00717284 3722.78
16 630   -0.0185315 -0.00811347 3820.92
16 631   -0.0169956 -0.00968046 3756.31
16 632   -0.0179038 -0.00942937 3825.8
16 633   0.0115241 -0.016637 3918.25
16 634   0.00991627 -0.0144915 3494.99
16 635   0.0113112 -0.0143313 3630.85
16 636   0.00925065 -0.015658 3609.13
16 637   0.00992807 -0.0168313 3848.99
16 638   0.0109125 -0.0170341 3943.37
16 639   0.01222 -0.015272 3863
16 640   0.0121141 -0.0162083 3941.58
16 641   0.016637 -0.0115241 3926.84
16 642   0.0144915 -0.00991627 3518.93
16 643   0.0162083 -0.0121141 3949.91
16 644   0.0157494 -0.0126808 3973.15
16 645   0.0148087 -0.011772 3734.46
16 646   0.015658 -0.00925065 3615.47
16 647   0.0168313 -0.00992807 3860.31
16 648   0.0170341 -0.0109125 3953.32
16 666   -0.0166577 0.0114971 3833.93
16 667   -0.0153205 0.00987065 3533.18
16 668   -0.0162291 0.0120871 3857.95
16 669   -0.0151054 0.0123503 3770.78
16 670   -0.0142061 0.0113875 3541.6
16 671   -0.0170548 0.0108855 3844.19
16 672   -0.016839 0.00993251 3741.98
16 673   -0.00268158 -0.0200617 3898.17
16 674   -0.00340181 -0.0199476 3914.34
16 675   -0.00419595 -0.0190373 3819.22
16 676   -0.00374635 -0.017799 3595.52
16 677   -0.00110227 -0.0194849 3830.24
16 678   -0.00195636 -0.0201379 3924.76
16 679   -0.000850521 -0.0181218 3598.15
16 680   -0.00197525 -0.0174223 3474.53
16 681   -0.0153647 -0.0131753 3847.12
16 682   -0.0142049 -0.011418 3547.38
16 683   -0.0131641 -0.0126485 3556.84
16 684   -0.0139578 -0.0137 3790.6
16 685   -0.0148767 -0.0137172 3875.97
16 686   -0.0157085 -0.0116383 3756.55
16 687   -0.0158236 -0.0126086 3857.92
16 694   -0.0047639 0.0196715 3892.2
16 695   -0.00546827 0.0194827 3908.71
16 696   -0.00552608 0.0173531 3591.69
16 697   -0.00610266 0.0185376 3818.02
16 698   -0.00320422 0.019281 3831.18
16 699   -0.00405062 0.0198231 3921.22
16 700   -0.00295965 0.0179525 3596.61
16 701   -0.00393384 0.0171213 3471.46
16 702   0.000489777 0.0202342 3907.72
16 703   -0.000591143 0.0182464 3607.52
16 704   -0.000841484 0.0195398 3837.91
16 705   -0.000239437 0.0202342 3928.55
16 706   0.00121799 0.020196 3929.36
16 707   0.00195942 0.0194175 3831.63
16 708   0.000774519 0.0175168 3490.09
16 709   0.00199482 0.0180317 3586.42
16 710   0.0182511 0.00874973 3931.27
16 711   0.0179201 0.00939947 3947.77
16 712   0.0157701 0.00906317 3626.81
16 713   0.0168089 0.00987344 3853.48
16 714   0.0181934 0.00714293 3865.15
16 715   0.0185477 0.00808356 3957.68
16 716   0.0169448 0.0066275 3628.61
16 717   0.0159292 0.00740759 3507.81
16 718   0.0172534 -0.00298434 3502.79
16 719   0.0176393 -0.00429837 3625.04
16 720   0.0198586 -0.00373687 3927.74
16 721   0.018923 -0.00479411 3862.8
16 722   0.0197069 -0.00445015 3952.09
16 723   0.0198938 0.00372785 3936.07
16 724   0.0177247 0.00437186 3635
16 725   0.0189379 0.00488565 3867.12
16 726   0.0197422 0.00444113 3957.44
16 727   0.0200079 0.00300761 3956.09
16 728   0.0194005 0.00212052 3856.81
16 729   0.017295 0.00288435 3515.91
16 730   0.0180524 0.00179778 3609.78
16 731   0.00679404 -0.0190658 3920.08
16 732   0.00556906 -0.0173532 3617.18
16 733   0.00709079 -0.0168226 3620.69
16 734   0.00778803 -0.0179404 3854.57
16 735   0.00747482 -0.0188044 3944.1
16 736   0.00610051 -0.0192911 3933.81
16 737   0.00523581 -0.018836 3835.61
16 738   0.00956411 0.0177711 3919.52
16 739   0.00782869 0.0162771 3593.88
16 740   0.00934071 0.0154481 3591.11
16 741   0.0101956 0.0174065 3937.77
16 742   0.0104619 0.0164373 3839.97
16 743   0.00798913 0.0177879 3839.55
16 744   0.00891438 0.0181022 3929.43
16 761   0.0201865 -0.00151431 3939.27
16 762   0.018219 -0.00069713 3634.33
16 763   0.0181087 -0.00209846 3629.53
16 764   0.019541 -0.000218756 3862.22
16 765   0.0202246 -0.000786098 3955.85
16 766   0.019345 -0.00270991 3858.64
16 767   0.0201103 -0.00223953 3962.91
16 768   -0.00953674 -0.00989263 2803.38
16 769   -0.0111913 -0.0117957 3205.26
16 770   -0.00985994 -0.00956943 2803.91
16 771   -0.0101658 -0.00922976 2751.73
16 772   -0.011907 -0.0100843 3101.48
16 773   -0.0111681 -0.00895766 2805.75
16 774   -0.00919707 -0.0101985 2755.31
16 785   0.0058179 -0.0124485 2887.31
16 786   0.00700166 -0.0146752 3260.57
16 787   0.00540035 -0.0126344 2861.34
16 788   0.00497364 -0.0127982 2809.45
16 789   0.0051474 -0.01473 3166.73
16 790   0.00436042 -0.0136364 2869.44
16 791   0.00622515 -0.012241 2900.6
16 792   0.00662098 -0.0120125 2773.22
16 793   0.00724356 -0.0130908 3009.84
16 794   -0.0105186 0.00884157 2780.65
16 795   -0.0122425 0.0106477 3189.94
16 796   -0.0108062 0.00848636 2799.42
16 797   -0.0110749 0.00811659 2745.99
16 798   -0.0120432 0.00774121 2794.27
16 799   -0.0128959 0.00878442 3087.7
16 800   -0.0108153 0.010314 2942.62
16 801   -0.0102127 0.00918124 2691.8
16 802   0.0112627 -0.00787178 2862.85
16 803   0.0134012 -0.00920823 3273.61
16 804   0.010994 -0.00824156 2865.39
16 805   0.0107064 -0.00859676 2814.61
16 806   0.0118228 -0.0101829 3174.59
16 807   0.0105945 -0.00962929 2876.56
16 808   0.0115116 -0.00748845 2812.94
16 809   0.00331275 0.0133356 2850.3
16 810   0.0036798 0.015811 3261.22
16 811   0.00375424 0.0132173 2834.86
16 812   0.0050352 0.0147334 3142.94
16 813   0.00286567 0.0134307 2827.5
16 814   0.00495858 0.0133883 2862.12
16 815   0.00418894 0.0130761 2774.36
16 816   -0.0044848 0.0129885 2817.2
16 817   -0.00552516 0.0152644 3226.98
16 818   -0.00405011 0.0131297 2817.46
16 819   -0.00360861 0.013248 2729.08
16 820   -0.00399205 0.0157524 3246.67
16 821   -0.00332369 0.0145825 2983.83
16 822   -0.00572501 0.0138124 2976.09
16 823   -0.00491151 0.0128247 2722.73
16 824   0.0124485 -0.0058179 2864.73
16 825   0.0146752 -0.00700166 3273.82
16 826   0.0126344 -0.00540035 2848.39
16 827   0.0127982 -0.00497364 2765.79
16 828   0.0141672 -0.00471613 3009.68
16 829   0.0152608 -0.00550311 3281.93
16 830   0.0134964 -0.00779216 3152.19
16 831   0.012241 -0.00622515 2814.59
16 832   0.0124181 -0.00716958 2891.31
16 833   -0.00769365 -0.0113851 2825.02
16 834   -0.00921116 -0.0133992 3214.51
16 835   -0.00731032 -0.0116341 2886.36
16 836   -0.00691449 -0.0118626 2932.25
16 837   -0.00764435 -0.0142499 3224.83
16 838   -0.00648964 -0.0133913 2971.45
16 839   -0.00650724 -0.0120701 2766.51
16 840   -0.00980753 -0.0121113 3091.97
16 841   -0.00806342 -0.0111165 2767.79
16 842   -0.00902393 -0.0111436 2835.54
16 843   0.013733 -0.000467721 2875.31
16 844   0.0162306 -0.000312092 3273.55
16 845   0.0137091 -0.000924162 2848.24
16 846   0.0136613 -0.00137873 2766.18
16 847   0.0160958 -0.00202493 3284.47
16 848   0.0147641 -0.00222965 3010.38
16 849   0.013733 -1.06535e-005 2849.99
16 856   -0.00827896 0.0109669 2809.39
16 857   -0.00999242 0.0127829 3204.03
16 858   -0.00790918 0.0112355 2809.07
16 859   -0.00752585 0.0114845 2715.86
16 860   -0.00852312 0.0137928 3223.42
16 861   -0.00752596 0.0128867 2948.25
16 862   -0.0097338 0.0113403 2953.61
16 863   -0.00863416 0.0106792 2709.73
16 864   0.0117722 0.00708725 2854.52
16 865   0.0136725 0.00867796 3266.81
16 866   0.0120007 0.00669142 2852.4
16 867   0.0122082 0.00628417 2760.53
16 868   0.0145782 0.00717992 3279.47
16 869   0.0135728 0.00628294 3015.75
16 870   0.0122107 0.00857155 2996.87
16 871   0.0115232 0.00747058 2761.04
16 872   -0.00310257 -0.0133861 2827.34
16 873   -0.00402819 -0.015685 3230.79
16 874   -0.00265549 -0.0134811 2830.21
16 875   -0.00220405 -0.0135526 2745.72
16 876   -0.00163382 -0.0148337 2979.56
16 877   -0.00217623 -0.016067 3251.03
16 878   -0.00437871 -0.0142618 2963.46
16 879   -0.00354407 -0.0132678 2732.56
16 880   -0.0202405 0.000364607 3687.66
16 881   -0.0202405 -0.000364607 3689.59
16 882   -0.0194598 0.00127852 3618.26
16 883   -0.0181694 0.000913916 3388.28
16 884   -0.0182057 -0.00100876 3399.31
16 885   -0.0194675 -0.00173698 3629.72
16 886   -0.0202023 -0.00109282 3708.76
16 897   0.000285667 0.0137395 2858.93
16 898   0.000706482 0.0162186 3250.08
16 899   -0.0001714 0.0137395 2818.11
16 900   -0.000902387 0.0162282 3256.09
16 901   0.000742108 0.0137156 2859.43
16 902   0.00119667 0.0136678 2768.56
16 903   0.00201492 0.0141716 2878.22
16 904   0.00209544 0.0154014 3136.24
16 905   -0.00124456 0.0149073 2992.21
16 906   -0.000627841 0.0137156 2724.8
16 907   0.0134987 0.00257718 2875.13
16 908   0.0160111 0.00268099 3274.92
16 909   0.0134036 0.00302426 2840.22
16 910   0.015686 0.00425671 3283.58
16 911   0.0135702 0.00212574 2861.38
16 912   0.013618 0.00167118 2777.64
16 913   0.0142808 0.000975552 2897.05
16 914   0.0155005 0.00115249 3157.7
16 915   0.0143228 0.00431677 3019.12
16 916   0.0132854 0.00346576 2747.77
16 980   -0.0153265 0.0022192 2943.23
16 981   -0.0144112 0.00593184 3018.27
16 982   -0.0129192 0.00445557 2699.9
16 983   -0.0132674 0.00529748 2763.33
16 984   -0.0130605 0.00402087 2669.55
16 985   -0.0153537 0.00484018 3104.14
16 986   -0.0150115 0.0035323 2959.74
16 987   -0.0130372 0.00304882 2651.09
16 988   -0.0134556 0.00368226 2647.8
16 989   -0.014116 0.00344345 2797.08
16 990   -0.0133772 0.00102731 2645.11
16 991   -0.0145567 0.00146191 2752.56
16 992   -0.0134011 0.000570864 2503.89
16 993   -0.0140219 0.00268935 2745.05
16 994   -0.0141475 0.00202092 2714.81
16 995   -0.013612 0.001586 2542.98
16 996   -0.0132512 0.00192677 2544.66
16 997   -0.0133419 0.00231788 2627.88
16 998   -0.013577 0.00264555 2676.72
16 999   -0.0132527 0.0027662 2528.42
16 1001   -0.0130384 0.00232614 2632.82
16 1002   -0.0129967 0.00255092 2618.96
16 1015   -0.013744 -0.000228534 2664.67
16 1016   -0.015688 0.00022822 2938.2
16 1017   -0.0156128 -0.000872877 2960.21
16 1018   -0.0146951 0.000570551 2786.84
16 1019   -0.0140571 0.000342331 2661.4
16 1020   -0.0142889 -0.00132932 2683.79
16 1021   -0.0137201 -0.000684975 2588.5
end
